function [colorList] = getListOfDistinctColors(Ncolors)
  X = [[102,0,0]; [217,108,108]; [255,34,0]; [64,29,16]; [140,115,105]; [153,61,0]; [229,122,0]; [255,196,128]; [89,68,45]; [242,222,182]; [229,214,0]; [127,121,32]; [62,89,45]; [217,255,191]; [109,242,61]; [0,166,66]; [182,242,222]; [0,115,92]; [57,230,195]; [32,64,62]; [0,226,242]; [0,145,217]; [89,149,179]; [48,54,64]; [0,24,89]; [191,208,255]; [102,116,204]; [57,65,115]; [34,0,255]; [133,51,204]; [194,153,204]; [238,0,255]; [107,0,115]; [51,0,48]; [230,57,172]; [77,57,68]; [229,0,92]; [127,0,51]; [51,13,23]; [255,191,208]; [178,0,24]];
  colorList = X(1:Ncolors,:); 
  colorList = colorList./255;
end
